数组中大部分数据都是0 或同一值，使用稀疏数组来保存数据

例子：						步骤：
0  0  0  22  0  0  15         1. 遍历原始数组，得到有效数据的个数Sum
0 11  0   0  0  17  0         2. 根据sum个数，创建稀疏数组sparse Arr 
0  0  0  -6  0  0   0			 int[sum+1][3] 
0  0  0   0  0  39  0         3. 将有效数据，存入到稀疏数组中
91 0  0   0  0  0   0
0  0  28  0  0  0   0 
								
转换后：

row col value
行   列   值
6    7     8   一共6行 7列， 有8个值
0    3    22
0    6    15
1    1    11				恢复：
1    5    17				 1. 根据稀疏数组第一行，创建原始数组 
2    3    -6                     Array = int[11][11]
3    5    39                 2.取稀疏数组后几行的数据，赋给原始二维数组
4    0    91
5    2    28